# freq train val val-train
0.0000 9.5789 9.5727 -0.0062
0.0039 9.9579 9.9750 0.0171
0.0078 9.6039 9.5937 -0.0102
0.0117 9.2927 9.2636 -0.0291
0.0156 9.0733 9.0413 -0.0321
0.0195 8.8699 8.8315 -0.0383
0.0234 8.7100 8.6672 -0.0428
0.0273 8.5661 8.5413 -0.0248
0.0312 8.4398 8.4122 -0.0276
0.0352 8.3302 8.3019 -0.0283
0.0391 8.2318 8.2027 -0.0291
0.0430 8.1511 8.1180 -0.0331
0.0469 8.0670 8.0367 -0.0303
0.0508 7.9877 7.9467 -0.0410
0.0547 7.9164 7.8713 -0.0450
0.0586 7.8538 7.7978 -0.0560
0.0625 7.7974 7.7378 -0.0596
0.0664 7.7376 7.6860 -0.0516
0.0703 7.6819 7.6252 -0.0567
0.0742 7.6308 7.5706 -0.0602
0.0781 7.5829 7.5139 -0.0690
0.0820 7.5282 7.4561 -0.0721
0.0859 7.4865 7.4112 -0.0753
0.0898 7.4483 7.3688 -0.0796
0.0938 7.4055 7.3179 -0.0876
0.0977 7.3653 7.2750 -0.0903
0.1016 7.3243 7.2299 -0.0945
0.1055 7.2918 7.1846 -0.1073
0.1094 7.2592 7.1443 -0.1149
0.1133 7.2185 7.0975 -0.1210
0.1172 7.1884 7.0651 -0.1233
0.1211 7.1527 7.0236 -0.1291
0.1250 7.1232 6.9788 -0.1443
0.1289 7.0899 6.9435 -0.1464
0.1328 7.0610 6.9080 -0.1530
0.1367 7.0356 6.8799 -0.1557
0.1406 7.0046 6.8412 -0.1634
0.1445 6.9800 6.8101 -0.1699
0.1484 6.9483 6.7750 -0.1733
0.1523 6.9257 6.7430 -0.1827
0.1562 6.9016 6.7082 -0.1934
0.1602 6.8713 6.6740 -0.1973
0.1641 6.8449 6.6468 -0.1981
0.1680 6.8179 6.6098 -0.2081
0.1719 6.7942 6.5863 -0.2078
0.1758 6.7690 6.5623 -0.2068
0.1797 6.7439 6.5346 -0.2093
0.1836 6.7236 6.5087 -0.2149
0.1875 6.6981 6.4763 -0.2218
0.1914 6.6793 6.4521 -0.2272
0.1953 6.6529 6.4231 -0.2298
0.1992 6.6294 6.4019 -0.2275
0.2031 6.6109 6.3769 -0.2340
0.2070 6.5867 6.3514 -0.2353
0.2109 6.5688 6.3337 -0.2351
0.2148 6.5403 6.3054 -0.2348
0.2188 6.5189 6.2845 -0.2344
0.2227 6.4970 6.2623 -0.2346
0.2266 6.4723 6.2395 -0.2328
0.2305 6.4514 6.2125 -0.2389
0.2344 6.4256 6.1848 -0.2407
0.2383 6.4061 6.1610 -0.2451
0.2422 6.3816 6.1347 -0.2469
0.2461 6.3608 6.1107 -0.2502
0.2500 6.3406 6.0913 -0.2493
0.2539 6.3138 6.0664 -0.2474
0.2578 6.2947 6.0447 -0.2501
0.2617 6.2718 6.0201 -0.2517
0.2656 6.2483 6.0002 -0.2482
0.2695 6.2275 5.9744 -0.2531
0.2734 6.2034 5.9476 -0.2558
0.2773 6.1855 5.9294 -0.2561
0.2812 6.1609 5.9011 -0.2598
0.2852 6.1379 5.8827 -0.2553
0.2891 6.1137 5.8609 -0.2528
0.2930 6.0908 5.8421 -0.2487
0.2969 6.0669 5.8194 -0.2474
0.3008 6.0414 5.7934 -0.2480
0.3047 6.0206 5.7748 -0.2458
0.3086 5.9948 5.7507 -0.2441
0.3125 5.9703 5.7275 -0.2427
0.3164 5.9491 5.7078 -0.2413
0.3203 5.9212 5.6797 -0.2415
0.3242 5.9007 5.6594 -0.2413
0.3281 5.8727 5.6354 -0.2374
0.3320 5.8507 5.6173 -0.2334
0.3359 5.8268 5.5913 -0.2355
0.3398 5.7993 5.5665 -0.2328
0.3438 5.7788 5.5513 -0.2276
0.3477 5.7490 5.5233 -0.2256
0.3516 5.7258 5.5078 -0.2180
0.3555 5.7014 5.4843 -0.2171
0.3594 5.6754 5.4606 -0.2148
0.3633 5.6507 5.4402 -0.2105
0.3672 5.6208 5.4132 -0.2076
0.3711 5.5985 5.3936 -0.2049
0.3750 5.5732 5.3693 -0.2039
0.3789 5.5462 5.3476 -0.1985
0.3828 5.5256 5.3282 -0.1974
0.3867 5.4960 5.3059 -0.1901
0.3906 5.4754 5.2928 -0.1826
0.3945 5.4474 5.2693 -0.1781
0.3984 5.4232 5.2516 -0.1716
0.4023 5.4013 5.2352 -0.1661
0.4062 5.3752 5.2095 -0.1657
0.4102 5.3560 5.1969 -0.1590
0.4141 5.3271 5.1707 -0.1564
0.4180 5.3062 5.1576 -0.1486
0.4219 5.2845 5.1401 -0.1444
0.4258 5.2618 5.1210 -0.1408
0.4297 5.2407 5.1067 -0.1340
0.4336 5.2182 5.0870 -0.1312
0.4375 5.1991 5.0703 -0.1288
0.4414 5.1770 5.0493 -0.1277
0.4453 5.1566 5.0339 -0.1227
0.4492 5.1377 5.0188 -0.1189
0.4531 5.1191 5.0032 -0.1158
0.4570 5.1033 4.9899 -0.1135
0.4609 5.0845 4.9740 -0.1105
0.4648 5.0689 4.9614 -0.1075
0.4688 5.0526 4.9462 -0.1064
0.4727 5.0410 4.9379 -0.1031
0.4766 5.0287 4.9260 -0.1027
0.4805 5.0088 4.9062 -0.1026
0.4844 5.0031 4.8994 -0.1037
0.4883 4.9862 4.8822 -0.1040
0.4922 4.9827 4.8810 -0.1018
0.4961 4.9667 4.8627 -0.1040
